(time (sat? (first k) (second k)))
Real time: 1.800101 sec.
Run time: 1.778912 sec.
Space: 1118176 Bytes
GC: 1, GC time: 0.004266 sec.
(1 2 3 4 5 6 -33 14 7 8 9 -40 -29 10 -23 -22 -27 31 -37 13 11 -47 12 15 16 17 48 42 18 39 19 20 21
 49 24 38 25 26 28 -36 -43 30 32 34 35 41 44 45 46 50)

 (time (sat? (first k) (second k)))
Real time: 0.541482 sec.
Run time: 0.53614 sec.
Space: 298752 Bytes
GC: 1, GC time: 0.007161 sec.
(1 2 3 -25 4 5 6 7 8 14 9 -23 10 28 11 12 -22 -21 18 13 19 15 16 17 20 24 26 27 29 30)

Break 3 [14]> (setq k (parse-cnf "./cnfs/unsat/cnf_30.cnf"))
(30
 ((1 2 3 4 5) (6 7 8 9 10) (11 12 13 14 15) (16 17 18 19 20) (21 22 23 24 25) (26 27 28 29 30)
  (-1 -6) (-1 -11) (-1 -16) (-1 -21) (-1 -26) (-6 -11) (-6 -16) (-6 -21) (-6 -26) (-11 -16)
  (-11 -21) (-11 -26) (-16 -21) (-16 -26) (-21 -26) (-2 -7) (-2 -12) (-2 -17) (-2 -22) (-2 -27)
  (-7 -12) (-7 -17) (-7 -22) (-7 -27) (-12 -17) (-12 -22) (-12 -27) (-17 -22) (-17 -27) (-22 -27)
  (-3 -8) (-3 -13) (-3 -18) (-3 -23) (-3 -28) (-8 -13) (-8 -18) (-8 -23) (-8 -28) (-13 -18)
  (-13 -23) (-13 -28) (-18 -23) (-18 -28) (-23 -28) (-4 -9) (-4 -14) (-4 -19) (-4 -24) (-4 -29)
  (-9 -14) (-9 -19) (-9 -24) (-9 -29) (-14 -19) (-14 -24) (-14 -29) (-19 -24) (-19 -29) (-24 -29)
  (-5 -10) (-5 -15) (-5 -20) (-5 -25) (-5 -30) (-10 -15) (-10 -20) (-10 -25) (-10 -30) (-15 -20)
  (-15 -25) (-15 -30) (-20 -25) (-20 -30) (-25 -30)))
Break 3 [14]> (time (sat? (first k) (second k)))
Real time: 48.741646 sec.
Run time: 47.983547 sec.
Space: 18855680 Bytes
GC: 23, GC time: 0.109484 sec.
NIL


(time (sat? (first k) (second k)))
Real time: 129.11174 sec.
Run time: 125.75162 sec.
Space: 39227200 Bytes
GC: 48, GC time: 0.264981 sec.
(1 2 3 4 5 6 7 8 9 120 200 10 11 12 13 14 15 -97 -187 16 17 166 18 19 -159 60 142 -197 155 20 133
 153 21 22 23 24 25 26 121 27 -154 -161 172 77 28 29 74 -170 30 -168 31 32 192 33 -59 -143 -131 107
 175 34 -38 -76 35 112 105 -169 -67 36 -48 191 185 128 39 88 37 173 100 -137 40 41 -94 -183 42 -89
 -195 -176 198 95 -96 118 -113 135 -151 -51 43 126 190 93 -139 44 -184 -75 123 -78 -122 -156 45 46
 47 179 193 49 50 52 53 162 -68 189 -57 80 85 182 54 55 56 58 61 62 63 64 65 -101 -104 149 -114 -134
 -165 181 66 83 -87 69 -130 -180 70 71 92 -116 -115 124 -72 86 73 79 81 82 -146 186 84 90 91 98 99
 102 103 106 108 -148 -147 -127 -110 -132 109 -129 111 117 -160 119 125 136 -140 150 138 -144 141
 145 -196 164 171 152 157 158 163 167 174 177 178 188 194 199)

cnf_50
(time (sat? (first k) (second k)))
Real time: 1.789664 sec.
Run time: 1.781358 sec.
Space: 1118176 Bytes
GC: 1, GC time: 0.010105 sec.


uncnf_42
(time (sat? (first dd) (second dd)))
Real time: 791.7201 sec.
Run time: 785.4877 sec.
Space: 283229264 Bytes
GC: 343, GC time: 1.820049 sec.






(time (sat? (first k) (second k)))
Real time: 1.094699 sec.
Run time: 1.079614 sec.
Space: 702912 Bytes
GC: 1, GC time: 0.005271 sec.
(1 2 3 4 5 6 -33 14 7 8 9 -40 -29 10 -23 -22 -27 31 -37 13 11 -47 12 15 16 17 48 42 18 39 19 20 21
 49 24 38 25 26 28 -36 -43 30 32 34 35 41 44 45 46 50)

 (time (sat? (first k) (second k)))
Real time: 0.351467 sec.
Run time: 0.348608 sec.
Space: 206656 Bytes
(1 2 3 -25 4 5 6 7 8 14 9 -23 10 28 11 12 -22 -21 18 13 19 15 16 17 20 24 26 27 29 30)

Break 4 [6]> (setq k (parse-cnf "hw4/cnfs/unsat/cnf_30.cnf"))
(30
 ((1 2 3 4 5) (6 7 8 9 10) (11 12 13 14 15) (16 17 18 19 20) (21 22 23 24 25) (26 27 28 29 30)
  (-1 -6) (-1 -11) (-1 -16) (-1 -21) (-1 -26) (-6 -11) (-6 -16) (-6 -21) (-6 -26) (-11 -16)
  (-11 -21) (-11 -26) (-16 -21) (-16 -26) (-21 -26) (-2 -7) (-2 -12) (-2 -17) (-2 -22) (-2 -27)
  (-7 -12) (-7 -17) (-7 -22) (-7 -27) (-12 -17) (-12 -22) (-12 -27) (-17 -22) (-17 -27) (-22 -27)
  (-3 -8) (-3 -13) (-3 -18) (-3 -23) (-3 -28) (-8 -13) (-8 -18) (-8 -23) (-8 -28) (-13 -18)
  (-13 -23) (-13 -28) (-18 -23) (-18 -28) (-23 -28) (-4 -9) (-4 -14) (-4 -19) (-4 -24) (-4 -29)
  (-9 -14) (-9 -19) (-9 -24) (-9 -29) (-14 -19) (-14 -24) (-14 -29) (-19 -24) (-19 -29) (-24 -29)
  (-5 -10) (-5 -15) (-5 -20) (-5 -25) (-5 -30) (-10 -15) (-10 -20) (-10 -25) (-10 -30) (-15 -20)
  (-15 -25) (-15 -30) (-20 -25) (-20 -30) (-25 -30)))
Break 4 [6]> (time (sat? (first k) (second k)))
Real time: 46.032326 sec.
Run time: 45.128277 sec.
Space: 21785904 Bytes
GC: 26, GC time: 0.121626 sec.
NIL



(time (sat? (first k) (second k)))
Real time: 82.66461 sec.
Run time: 80.128334 sec.
Space: 23302080 Bytes
GC: 28, GC time: 0.157085 sec.
(1 2 3 4 5 6 7 8 9 120 200 10 11 12 13 14 15 -97 -187 16 17 166 18 19 -159 60 142 -197 155 20 133
 153 21 22 23 24 25 26 121 27 -154 -161 172 77 28 29 74 -170 30 -168 31 32 192 33 -59 -143 -131 107
 175 34 -38 -76 35 112 105 -169 -67 36 -48 191 185 128 39 88 37 173 100 -137 40 41 -94 -183 42 -89
 -195 -176 198 95 -96 118 -113 135 -151 -51 43 126 190 93 -139 44 -184 -75 123 -78 -122 -156 45 46
 47 179 193 49 50 52 53 162 -68 189 -57 80 85 182 54 55 56 58 61 62 63 64 65 -101 -104 149 -114 -134
 -165 181 66 83 -87 69 -130 -180 70 71 92 -116 -115 124 -72 86 73 79 81 82 -146 186 84 90 91 98 99
 102 103 106 108 -148 -147 -127 -110 -132 109 -129 111 117 -160 119 125 136 -140 150 138 -144 141
 145 -196 164 171 152 157 158 163 167 174 177 178 188 194 199)